<?xml version="1.0" encoding="utf-8"?>
<COLLADA xmlns="http://www.collada.org/2005/11/COLLADASchema" version="1.4.1">
  <asset><contributor><author>Mixamo</author><authoring_tool>COLLADA Mixamo exporter</authoring_tool><comments></comments></contributor><created>2017-10-14T13:58:35Z</created><modified>2017-10-14T13:58:35Z</modified><revision></revision><title></title><unit meter="0.010000"/><up_axis>Y_UP</up_axis></asset>
  <library_animations>
    <animation id="mixamorig_Hips-anim" name="mixamorig_Hips"><source id="mixamorig_Hips-Matrix-animation-input"><float_array id="mixamorig_Hips-Matrix-animation-input-array" count="372">

0.000000 0.033333 0.066667 0.100000 0.133333 0.166667 0.200000 0.233333 0.266667 0.300000 0.333333 0.366667 0.400000 0.433333 0.466667 0.500000
0.533333 0.566667 0.600000 0.633333 0.666667 0.700000 0.733333 0.766667 0.800000 0.833333 0.866667 0.900000 0.933333 0.966667 1.000000 1.033333
1.066667 1.100000 1.133333 1.166667 1.200000 1.233333 1.266667 1.300000 1.333333 1.366667 1.400000 1.433333 1.466667 1.500000 1.533333 1.566667
1.600000 1.633333 1.666667 1.700000 1.733333 1.766667 1.800000 1.833333 1.866667 1.900000 1.933333 1.966667 2.000000 2.033333 2.066667 2.100000
2.133333 2.166667 2.200000 2.233333 2.266667 2.300000 2.333333 2.366667 2.400000 2.433333 2.466667 2.500000 2.533333 2.566667 2.600000 2.633333
2.666667 2.700000 2.733333 2.766667 2.800000 2.833333 2.866667 2.900000 2.933333 2.966667 3.000000 3.033333 3.066667 3.100000 3.133333 3.166667
3.200000 3.233333 3.266667 3.300000 3.333333 3.366667 3.400000 3.433333 3.466667 3.500000 3.533333 3.566667 3.600000 3.633333 3.666667 3.700000
3.733333 3.766667 3.800000 3.833333 3.866667 3.900000 3.933333 3.966667 4.000000 4.033333 4.066667 4.100000 4.133333 4.166667 4.200000 4.233333
4.266667 4.300000 4.333333 4.366667 4.400000 4.433333 4.466667 4.500000 4.533333 4.566667 4.600000 4.633333 4.666667 4.700000 4.733333 4.766667
4.800000 4.833333 4.866667 4.900000 4.933333 4.966667 5.000000 5.033333 5.066667 5.100000 5.133333 5.166667 5.200000 5.233333 5.266667 5.300000
5.333333 5.366667 5.400000 5.433333 5.466667 5.500000 5.533333 5.566667 5.600000 5.633333 5.666667 5.700000 5.733333 5.766667 5.800000 5.833333
5.866667 5.900000 5.933333 5.966667 6.000000 6.033333 6.066667 6.100000 6.133333 6.166667 6.200000 6.233333 6.266667 6.300000 6.333333 6.366667
6.400000 6.433333 6.466667 6.500000 6.533333 6.566667 6.600000 6.633333 6.666667 6.700000 6.733333 6.766667 6.800000 6.833333 6.866667 6.900000
6.933333 6.966667 7.000000 7.033333 7.066667 7.100000 7.133333 7.166667 7.200000 7.233333 7.266667 7.300000 7.333333 7.366667 7.400000 7.433333
7.466667 7.500000 7.533333 7.566667 7.600000 7.633333 7.666667 7.700000 7.733333 7.766667 7.800000 7.833333 7.866667 7.900000 7.933333 7.966667
8.000000 8.033333 8.066667 8.100000 8.133333 8.166667 8.200000 8.233333 8.266667 8.300000 8.333333 8.366667 8.400000 8.433333 8.466667 8.500000
8.533333 8.566667 8.600000 8.633333 8.666667 8.700000 8.733333 8.766667 8.800000 8.833333 8.866667 8.900000 8.933333 8.966667 9.000000 9.033333
9.066667 9.100000 9.133333 9.166667 9.200000 9.233333 9.266667 9.300000 9.333333 9.366667 9.400000 9.433333 9.466667 9.500000 9.533333 9.566667
9.600000 9.633333 9.666667 9.700000 9.733333 9.766667 9.800000 9.833333 9.866667 9.900000 9.933333 9.966667 10.000000 10.033333 10.066667 10.100000
10.133333 10.166667 10.200000 10.233333 10.266667 10.300000 10.333333 10.366667 10.400000 10.433333 10.466667 10.500000 10.533333 10.566667 10.600000 10.633333
10.666667 10.700000 10.733333 10.766667 10.800000 10.833333 10.866667 10.900000 10.933333 10.966667 11.000000 11.033333 11.066667 11.100000 11.133333 11.166667
11.200000 11.233333 11.266667 11.300000 11.333333 11.366667 11.400000 11.433333 11.466667 11.500000 11.533333 11.566667 11.600000 11.633333 11.666667 11.700000
11.733333 11.766667 11.800000 11.833333 11.866667 11.900000 11.933333 11.966667 12.000000 12.033333 12.066667 12.100000 12.133333 12.166667 12.200000 12.233333
12.266667 12.300000 12.333333 12.366667</float_array><technique_common><accessor source="#mixamorig_Hips-Matrix-animation-input-array" count="372"><param name="TIME" type="float"/></accessor></technique_common></source><source id="mixamorig_Hips-Matrix-animation-output-transform"><float_array id="mixamorig_Hips-Matrix-animation-output-transform-array" count="5952">

0.993718 0.065202 -0.090958 0.142436 -0.059392 0.996104 0.065185 103.393738 0.094854 -0.059373 0.993719 1.422170 0.000000 0.000000 0.000000 1.000000
0.994963 0.051211 -0.086178 -0.093321 -0.045825 0.996939 0.063353 103.166344 0.089159 -0.059085 0.994263 1.553374 0.000000 0.000000 0.000000 1.000000
0.996019 0.037272 -0.080978 -0.342943 -0.032270 0.997540 0.062225 102.952606 0.083098 -0.059364 0.994772 1.703846 0.000000 0.000000 0.000000 1.000000
0.996877 0.022100 -0.075816 -0.611731 -0.017430 0.997941 0.061719 102.717865 0.077023 -0.060205 0.995210 1.868703 0.000000 0.000000 0.000000 1.000000
0.997454 0.005708 -0.071090 -0.895168 -0.001315 0.998094 0.061690 102.475845 0.071306 -0.061440 0.995560 2.040705 0.000000 0.000000 0.000000 1.000000
0.997679 -0.011291 -0.067146 -1.201453 0.015467 0.997956 0.062012 102.230576 0.066308 -0.062906 0.995814 2.215539 0.000000 0.000000 0.000000 1.000000
0.997562 -0.026877 -0.064404 -1.550567 0.030924 0.997554 0.062695 101.975517 0.062561 -0.064534 0.995953 2.413261 0.000000 0.000000 0.000000 1.000000
0.997136 -0.040481 -0.063887 -1.960508 0.044567 0.996962 0.063875 101.707962 0.061107 -0.066539 0.995911 2.665154 0.000000 0.000000 0.000000 1.000000
0.996182 -0.055410 -0.067456 -2.427460 0.059831 0.996065 0.065383 101.417000 0.063568 -0.069169 0.995578 2.940817 0.000000 0.000000 0.000000 1.000000
0.994094 -0.076871 -0.076606 -2.967864 0.081953 0.994477 0.065560 101.124268 0.071143 -0.071451 0.994904 3.061554 0.000000 0.000000 0.000000 1.000000
0.990828 -0.102064 -0.088558 -3.679713 0.107630 0.992347 0.060521 100.825066 0.081703 -0.069498 0.994231 2.740310 0.000000 0.000000 0.000000 1.000000
0.989103 -0.115384 -0.091446 -4.711030 0.120013 0.991667 0.046833 100.331261 0.085280 -0.057298 0.994708 1.779553 0.000000 0.000000 0.000000 1.000000
0.992937 -0.099265 -0.064975 -6.103744 0.101087 0.994554 0.025365 99.437668 0.062103 -0.031754 0.997564 0.261216 0.000000 0.000000 0.000000 1.000000
0.998109 -0.060906 0.008262 -7.759838 0.060916 0.998142 -0.000985 98.358009 -0.008187 0.001486 0.999965 -1.534789 0.000000 0.000000 0.000000 1.000000
0.992151 -0.019532 0.123512 -9.281292 0.023313 0.999300 -0.029246 97.377838 -0.122854 0.031896 0.991912 -3.250049 0.000000 0.000000 0.000000 1.000000
0.970581 0.012508 0.240452 -10.238491 0.000104 0.998628 -0.052366 97.033707 -0.240777 0.050851 0.969248 -4.585596 0.000000 0.000000 0.000000 1.000000
0.949721 0.030747 0.311584 -10.610415 -0.010707 0.997774 -0.065823 97.848030 -0.312914 0.059177 0.947936 -5.437989 0.000000 0.000000 0.000000 1.000000
0.947472 0.044782 0.316687 -10.456721 -0.021898 0.996909 -0.075456 99.585243 -0.319087 0.064558 0.945524 -5.738744 0.000000 0.000000 0.000000 1.000000
0.961013 0.050874 0.271781 -10.013939 -0.028238 0.995847 -0.086557 101.748322 -0.275056 0.075508 0.958458 -5.762875 0.000000 0.000000 0.000000 1.000000
0.977308 0.046928 0.206560 -9.135690 -0.027467 0.994993 -0.096095 103.805099 -0.210035 0.088241 0.973704 -5.663314 0.000000 0.000000 0.000000 1.000000
0.988635 0.030844 0.147139 -7.718704 -0.016516 0.995086 -0.097627 105.275024 -0.149427 0.094088 0.984286 -5.494050 0.000000 0.000000 0.000000 1.000000
0.993703 -0.003943 0.111979 -6.007292 0.013642 0.996203 -0.085981 105.383591 -0.111214 0.086968 0.989984 -5.141231 0.000000 0.000000 0.000000 1.000000
0.994810 -0.030095 0.097200 -4.062857 0.036257 0.997401 -0.062268 104.737129 -0.095074 0.065469 0.993315 -4.330742 0.000000 0.000000 0.000000 1.000000
0.994622 -0.044690 0.093438 -2.037342 0.048466 0.998081 -0.038540 103.271233 -0.091536 0.042861 0.994879 -3.003037 0.000000 0.000000 0.000000 1.000000
0.995480 -0.057435 0.075639 -0.000529 0.059764 0.997794 -0.028898 100.982391 -0.073812 0.033288 0.996716 -1.594928 0.000000 0.000000 0.000000 1.000000
0.996339 -0.084670 0.011833 1.876110 0.085042 0.995739 -0.035667 97.856705 -0.008762 0.036542 0.999294 -0.811049 0.000000 0.000000 0.000000 1.000000
0.987252 -0.117994 -0.106821 3.257353 0.113071 0.992275 -0.051052 94.652885 0.112020 0.038322 0.992967 -1.030204 0.000000 0.000000 0.000000 1.000000
0.961340 -0.134853 -0.240083 3.889412 0.123192 0.990381 -0.063005 92.401627 0.246270 0.030993 0.968706 -2.061054 0.000000 0.000000 0.000000 1.000000
0.939027 -0.120655 -0.321978 3.891749 0.106768 0.992441 -0.060514 91.079453 0.326846 0.022448 0.944811 -3.354438 0.000000 0.000000 0.000000 1.000000
0.945519 -0.082298 -0.314993 3.348333 0.070197 0.996300 -0.049591 90.568062 0.317909 0.024778 0.947797 -4.253572 0.000000 0.000000 0.000000 1.000000
0.970082 -0.037639 -0.239843 2.139244 0.026879 0.998487 -0.047979 91.088943 0.241286 0.040097 0.969625 -4.556447 0.000000 0.000000 0.000000 1.000000
0.987406 0.003338 -0.158173 0.094876 -0.012661 0.998238 -0.057969 92.654594 0.157701 0.059242 0.985708 -4.465716 0.000000 0.000000 0.000000 1.000000
0.992376 0.042759 -0.115594 -2.718474 -0.051091 0.996231 -0.070100 95.149605 0.112161 0.075472 0.990820 -4.261784 0.000000 0.000000 0.000000 1.000000
0.991209 0.080547 -0.104957 -5.997097 -0.089473 0.992500 -0.083299 98.188934 0.097461 0.091957 0.990982 -4.056259 0.000000 0.000000 0.000000 1.000000
0.989321 0.112072 -0.093182 -9.213161 -0.121693 0.987006 -0.104931 100.621277 0.080211 0.115150 0.990104 -3.755498 0.000000 0.000000 0.000000 1.000000
0.990071 0.126362 -0.061577 -12.113439 -0.133767 0.981563 -0.136531 101.606613 0.043189 0.143412 0.988720 -3.057649 0.000000 0.000000 0.000000 1.000000
0.992894 0.118071 -0.014864 -14.789577 -0.118906 0.979280 -0.163926 101.220139 -0.004799 0.164529 0.986361 -1.715946 0.000000 0.000000 0.000000 1.000000
0.994214 0.101269 0.035816 -17.285627 -0.093920 0.981361 -0.167660 99.512352 -0.052127 0.163326 0.985194 0.143147 0.000000 0.000000 0.000000 1.000000
0.991733 0.096356 0.084740 -19.502247 -0.083863 0.986549 -0.140316 97.188927 -0.097120 0.132049 0.986474 1.878057 0.000000 0.000000 0.000000 1.000000
0.985495 0.109973 0.129254 -21.365805 -0.098405 0.990817 -0.092725 94.712090 -0.138264 0.078661 0.987267 2.746712 0.000000 0.000000 0.000000 1.000000
0.979480 0.116157 0.164699 -23.002802 -0.109870 0.992843 -0.046816 92.907562 -0.168958 0.027759 0.985232 2.623273 0.000000 0.000000 0.000000 1.000000
0.978222 0.096257 0.183890 -24.317810 -0.093888 0.995349 -0.021568 92.217361 -0.185111 0.003833 0.982710 1.901705 0.000000 0.000000 0.000000 1.000000
0.979823 0.072896 0.186102 -24.951977 -0.069717 0.997288 -0.023576 92.352432 -0.187316 0.010126 0.982247 1.115453 0.000000 0.000000 0.000000 1.000000
0.981390 0.068943 0.179221 -24.706638 -0.061737 0.997055 -0.045489 93.214447 -0.181830 0.033578 0.982757 0.571497 0.000000 0.000000 0.000000 1.000000
0.981760 0.081384 0.171828 -23.731333 -0.069257 0.994743 -0.075436 94.914215 -0.177064 0.062160 0.982234 0.240729 0.000000 0.000000 0.000000 1.000000
0.982446 0.089446 0.163705 -22.275608 -0.072140 0.991445 -0.108774 97.303505 -0.172034 0.095055 0.980494 -0.054324 0.000000 0.000000 0.000000 1.000000
0.986005 0.076694 0.148030 -20.511599 -0.055047 0.987876 -0.145156 100.075951 -0.157368 0.134976 0.978272 -0.477971 0.000000 0.000000 0.000000 1.000000
0.991148 0.044863 0.124953 -18.546465 -0.022088 0.983781 -0.178009 102.556610 -0.130913 0.173673 0.976063 -1.011234 0.000000 0.000000 0.000000 1.000000
0.994465 0.009001 0.104678 -16.288254 0.011465 0.981076 -0.193285 104.245117 -0.104436 0.193415 0.975543 -1.220360 0.000000 0.000000 0.000000 1.000000
0.995654 -0.008623 0.092733 -13.566910 0.025543 0.982807 -0.182861 104.743507 -0.089562 0.184435 0.978755 -0.617181 0.000000 0.000000 0.000000 1.000000
0.996970 -0.008023 0.077375 -10.413803 0.019964 0.987742 -0.154816 103.970474 -0.075185 0.155891 0.984909 0.859676 0.000000 0.000000 0.000000 1.000000
0.998925 -0.017135 0.043072 -7.546012 0.022271 0.992312 -0.121745 102.253624 -0.040655 0.122573 0.991626 2.663757 0.000000 0.000000 0.000000 1.000000
0.998420 -0.055631 -0.007885 -5.587625 0.054708 0.994507 -0.089238 99.813713 0.012806 0.088665 0.995979 3.995929 0.000000 0.000000 0.000000 1.000000
0.994199 -0.099471 -0.040907 -4.558111 0.097025 0.993592 -0.057972 97.551895 0.046412 0.053667 0.997480 4.215644 0.000000 0.000000 0.000000 1.000000
0.992570 -0.120917 -0.013552 -4.185034 0.120469 0.992262 -0.030066 96.151657 0.017083 0.028210 0.999456 3.409618 0.000000 0.000000 0.000000 1.000000
0.991402 -0.108282 0.073467 -3.923272 0.109985 0.993741 -0.019544 95.299202 -0.070891 0.027456 0.997106 2.215107 0.000000 0.000000 0.000000 1.000000
0.983202 -0.078224 0.164909 -3.505627 0.085290 0.995698 -0.036201 94.727753 -0.161368 0.049658 0.985644 1.171323 0.000000 0.000000 0.000000 1.000000
0.978726 -0.053565 0.198056 -2.906326 0.067270 0.995736 -0.063122 94.515900 -0.193830 0.075102 0.978156 0.425975 0.000000 0.000000 0.000000 1.000000
0.985267 -0.051236 0.163168 -2.306272 0.065267 0.994508 -0.081823 95.252441 -0.158079 0.091267 0.983200 -0.247919 0.000000 0.000000 0.000000 1.000000
0.992872 -0.067367 0.098319 -1.543268 0.076712 0.992557 -0.094585 97.162071 -0.091215 0.101453 0.990650 -0.914149 0.000000 0.000000 0.000000 1.000000
0.994601 -0.092494 0.047047 -0.293887 0.097190 0.989178 -0.109918 99.928200 -0.036371 0.113897 0.992827 -1.319600 0.000000 0.000000 0.000000 1.000000
0.992466 -0.120023 0.024610 1.489980 0.122159 0.984770 -0.123710 102.794250 -0.009387 0.125784 0.992013 -1.190310 0.000000 0.000000 0.000000 1.000000
0.989690 -0.142185 0.017215 3.528785 0.143222 0.981975 -0.123335 104.914597 0.000632 0.124529 0.992216 -0.416640 0.000000 0.000000 0.000000 1.000000
0.989495 -0.144547 0.002247 5.561827 0.143982 0.984001 -0.104929 105.954102 0.012956 0.104151 0.994477 0.857677 0.000000 0.000000 0.000000 1.000000
0.991142 -0.129150 -0.030960 7.400625 0.126451 0.988956 -0.077311 105.882156 0.040602 0.072711 0.996526 2.191767 0.000000 0.000000 0.000000 1.000000
0.989038 -0.121477 -0.083950 9.005091 0.117201 0.991632 -0.054125 104.274406 0.089823 0.043693 0.994999 3.047331 0.000000 0.000000 0.000000 1.000000
0.979236 -0.128516 -0.156784 10.527413 0.122587 0.991346 -0.046957 101.648369 0.161462 0.026762 0.986516 2.983474 0.000000 0.000000 0.000000 1.000000
0.960661 -0.140971 -0.239286 11.872380 0.130307 0.989663 -0.059895 98.560837 0.245256 0.026358 0.969100 1.950130 0.000000 0.000000 0.000000 1.000000
0.940497 -0.140415 -0.309434 12.818013 0.120091 0.989213 -0.083880 95.747673 0.317874 0.041729 0.947214 0.313448 0.000000 0.000000 0.000000 1.000000
0.931638 -0.115952 -0.344392 13.289036 0.085522 0.991068 -0.102327 93.401703 0.353181 0.065879 0.933233 -1.350039 0.000000 0.000000 0.000000 1.000000
0.938962 -0.081067 -0.334333 13.147720 0.047066 0.992972 -0.108585 91.722076 0.340786 0.086221 0.936179 -2.459874 0.000000 0.000000 0.000000 1.000000
0.954245 -0.049302 -0.294934 12.352638 0.017851 0.993947 -0.108397 91.243553 0.298493 0.098172 0.949349 -2.879530 0.000000 0.000000 0.000000 1.000000
0.966619 -0.025099 -0.254984 10.836004 -0.002996 0.994015 -0.109201 92.349472 0.256199 0.106320 0.960759 -2.820227 0.000000 0.000000 0.000000 1.000000
0.972901 -0.001688 -0.231218 8.696404 -0.026250 0.992702 -0.117698 95.006203 0.229729 0.120577 0.965757 -2.602097 0.000000 0.000000 0.000000 1.000000
0.976067 0.024710 -0.216064 6.168726 -0.055434 0.988974 -0.137321 98.582748 0.210288 0.146012 0.966674 -2.435975 0.000000 0.000000 0.000000 1.000000
0.980033 0.048935 -0.192717 3.496170 -0.081018 0.983410 -0.162296 101.947449 0.181578 0.174669 0.967740 -2.281482 0.000000 0.000000 0.000000 1.000000
0.985792 0.063227 -0.155617 0.831997 -0.090902 0.979873 -0.177724 103.931778 0.141248 0.189344 0.971698 -1.862314 0.000000 0.000000 0.000000 1.000000
0.992072 0.059208 -0.110845 -1.871252 -0.077746 0.982162 -0.171212 104.740051 0.098731 0.178472 0.978979 -0.885227 0.000000 0.000000 0.000000 1.000000
0.996589 0.043997 -0.069816 -4.580831 -0.053790 0.987932 -0.145247 104.296143 0.062583 0.148507 0.986929 0.638166 0.000000 0.000000 0.000000 1.000000
0.998775 0.034353 -0.035619 -7.173832 -0.038186 0.992840 -0.113182 103.170555 0.031475 0.114403 0.992936 2.130548 0.000000 0.000000 0.000000 1.000000
0.999011 0.044455 -0.000758 -9.718100 -0.044357 0.995359 -0.085397 101.091583 -0.003042 0.085346 0.996347 2.814808 0.000000 0.000000 0.000000 1.000000
0.997046 0.064591 0.041558 -12.154657 -0.061729 0.995853 -0.066824 98.710014 -0.045702 0.064061 0.996899 2.458748 0.000000 0.000000 0.000000 1.000000
0.993676 0.069675 0.088050 -14.233152 -0.064583 0.996142 -0.059406 96.609924 -0.091850 0.053344 0.994343 1.479064 0.000000 0.000000 0.000000 1.000000
0.990380 0.055395 0.126799 -15.650298 -0.048161 0.997070 -0.059426 94.662560 -0.129719 0.052748 0.990147 0.466953 0.000000 0.000000 0.000000 1.000000
0.988018 0.037210 0.149789 -16.059076 -0.028433 0.997774 -0.060316 92.996132 -0.151700 0.055334 0.986877 -0.254180 0.000000 0.000000 0.000000 1.000000
0.986674 0.022085 0.161202 -15.470257 -0.012247 0.998015 -0.061767 92.528297 -0.162246 0.058970 0.984987 -0.737923 0.000000 0.000000 0.000000 1.000000
0.985420 0.006890 0.170001 -14.084328 0.005702 0.997281 -0.073469 93.710228 -0.170045 0.073367 0.982701 -1.171424 0.000000 0.000000 0.000000 1.000000
0.984178 -0.014722 0.176570 -12.097903 0.033920 0.993766 -0.106203 96.244225 -0.173906 0.110512 0.978542 -1.648762 0.000000 0.000000 0.000000 1.000000
0.984659 -0.041561 0.169469 -9.604462 0.068686 0.985129 -0.157489 99.374367 -0.160403 0.166713 0.972871 -2.172988 0.000000 0.000000 0.000000 1.000000
0.987825 -0.068873 0.139496 -6.905238 0.097322 0.973121 -0.208721 101.847656 -0.121372 0.219755 0.967975 -2.611695 0.000000 0.000000 0.000000 1.000000
0.992305 -0.084387 0.090610 -4.089857 0.103759 0.966050 -0.236602 103.099304 -0.067568 0.244183 0.967372 -2.636549 0.000000 0.000000 0.000000 1.000000
0.995909 -0.082066 0.037818 -1.154231 0.088591 0.969204 -0.229774 103.186165 -0.017796 0.232184 0.972509 -1.925086 0.000000 0.000000 0.000000 1.000000
0.997226 -0.073926 -0.008712 1.834757 0.070756 0.977737 -0.197544 102.223015 0.023122 0.196380 0.980255 -0.514892 0.000000 0.000000 0.000000 1.000000
0.994919 -0.083215 -0.056666 4.671556 0.073221 0.984395 -0.160015 100.525368 0.069097 0.155053 0.985487 0.976184 0.000000 0.000000 0.000000 1.000000
0.985270 -0.120819 -0.121018 7.059494 0.104516 0.985583 -0.133049 98.197403 0.135348 0.118441 0.983693 1.701981 0.000000 0.000000 0.000000 1.000000
0.967060 -0.159621 -0.198285 8.875426 0.137194 0.982978 -0.122197 96.038033 0.214415 0.090968 0.972497 1.340508 0.000000 0.000000 0.000000 1.000000
0.950846 -0.166977 -0.260787 10.113615 0.139946 0.982967 -0.119122 94.366737 0.276235 0.076770 0.958019 0.290365 0.000000 0.000000 0.000000 1.000000
0.948753 -0.140052 -0.283289 10.711884 0.112270 0.987332 -0.112119 93.236938 0.295403 0.074568 0.952458 -0.776056 0.000000 0.000000 0.000000 1.000000
0.959352 -0.102878 -0.262794 10.463146 0.078532 0.991726 -0.101550 92.679840 0.271067 0.076785 0.959493 -1.371430 0.000000 0.000000 0.000000 1.000000
0.973391 -0.071811 -0.217606 9.309639 0.051864 0.994026 -0.096033 93.021530 0.223202 0.082192 0.971301 -1.502831 0.000000 0.000000 0.000000 1.000000
0.985354 -0.042487 -0.165146 7.374390 0.025524 0.994300 -0.103516 94.521355 0.168603 0.097785 0.980822 -1.469049 0.000000 0.000000 0.000000 1.000000
0.994158 -0.003581 -0.107879 4.902631 -0.010087 0.991994 -0.125885 97.034821 0.107466 0.126238 0.986162 -1.470231 0.000000 0.000000 0.000000 1.000000
0.998077 0.044045 -0.043616 2.182266 -0.050253 0.986893 -0.153351 99.862793 0.036290 0.155248 0.987209 -1.380221 0.000000 0.000000 0.000000 1.000000
0.996474 0.081192 0.021137 -0.646638 -0.076511 0.982794 -0.168114 102.136993 -0.034422 0.165904 0.985541 -0.768441 0.000000 0.000000 0.000000 1.000000
0.993248 0.087962 0.075643 -3.645146 -0.075029 0.984348 -0.159468 103.266548 -0.088486 0.152716 0.984301 0.695054 0.000000 0.000000 0.000000 1.000000
0.990230 0.076739 0.116432 -6.589942 -0.060752 0.988964 -0.135130 103.361206 -0.125517 0.126736 0.983963 2.772226 0.000000 0.000000 0.000000 1.000000
0.985532 0.081158 0.148796 -9.215349 -0.064722 0.991580 -0.112158 102.362701 -0.156646 0.100905 0.982487 4.684052 0.000000 0.000000 0.000000 1.000000
0.978573 0.113546 0.171765 -11.268543 -0.097337 0.990211 -0.100038 100.499878 -0.181442 0.081176 0.980046 5.528278 0.000000 0.000000 0.000000 1.000000
0.973877 0.155622 0.165367 -12.774135 -0.141126 0.985313 -0.096130 98.405510 -0.177898 0.070281 0.981536 4.984149 0.000000 0.000000 0.000000 1.000000
0.978196 0.174316 0.112900 -14.011189 -0.163902 0.981813 -0.095810 96.558670 -0.127548 0.075216 0.988976 3.555612 0.000000 0.000000 0.000000 1.000000
0.985897 0.165098 0.027395 -15.194842 -0.161414 0.981298 -0.104883 95.081299 -0.044199 0.098981 0.994107 2.013736 0.000000 0.000000 0.000000 1.000000
0.987703 0.148251 -0.049643 -16.352047 -0.153390 0.980318 -0.124293 93.946823 0.030239 0.130379 0.991003 0.950749 0.000000 0.000000 0.000000 1.000000
0.985469 0.147765 -0.083767 -17.312965 -0.158447 0.977409 -0.139881 93.545906 0.061205 0.151121 0.986619 0.492138 0.000000 0.000000 0.000000 1.000000
0.984405 0.158622 -0.076060 -18.208017 -0.168268 0.975143 -0.144158 94.146591 0.051303 0.154709 0.986627 0.605307 0.000000 0.000000 0.000000 1.000000
0.983468 0.171954 -0.056765 -19.211607 -0.178447 0.973591 -0.142397 95.932251 0.030780 0.150173 0.988181 1.095680 0.000000 0.000000 0.000000 1.000000
0.982236 0.181510 -0.047601 -20.489098 -0.186513 0.972220 -0.141426 98.489944 0.020608 0.147792 0.988804 1.809924 0.000000 0.000000 0.000000 1.000000
0.982026 0.183003 -0.046196 -21.972067 -0.187767 0.972102 -0.140577 101.011024 0.019181 0.146725 0.988991 2.701024 0.000000 0.000000 0.000000 1.000000
0.984411 0.171812 -0.037639 -23.423559 -0.175341 0.975462 -0.133150 102.651657 0.013838 0.137674 0.990381 3.926495 0.000000 0.000000 0.000000 1.000000
0.989420 0.144639 -0.011302 -24.698030 -0.144968 0.982604 -0.116077 103.210022 -0.005684 0.116488 0.993176 5.701066 0.000000 0.000000 0.000000 1.000000
0.993495 0.109358 0.031743 -25.938774 -0.105890 0.989764 -0.095684 102.627876 -0.041882 0.091700 0.994906 7.801480 0.000000 0.000000 0.000000 1.000000
0.992182 0.092826 0.083420 -27.191275 -0.085967 0.992888 -0.082358 100.624107 -0.090471 0.074542 0.993105 9.385183 0.000000 0.000000 0.000000 1.000000
0.986200 0.091336 0.138087 -28.396807 -0.081006 0.993604 -0.078674 97.818619 -0.144389 0.066403 0.987290 9.740620 0.000000 0.000000 0.000000 1.000000
0.978938 0.086877 0.184752 -29.243425 -0.073870 0.994355 -0.076168 94.792671 -0.190326 0.060916 0.979829 8.935020 0.000000 0.000000 0.000000 1.000000
0.975415 0.063830 0.210928 -29.529900 -0.050428 0.996388 -0.068324 92.223915 -0.214527 0.056008 0.975111 7.746091 0.000000 0.000000 0.000000 1.000000
0.975640 0.035688 0.216456 -29.055824 -0.022905 0.997858 -0.061279 90.534149 -0.218179 0.054829 0.974367 6.944637 0.000000 0.000000 0.000000 1.000000
0.975477 0.022604 0.218936 -27.569950 -0.008542 0.997851 -0.064964 90.342911 -0.219934 0.061501 0.973574 6.718557 0.000000 0.000000 0.000000 1.000000
0.972022 0.019186 0.234107 -25.080822 -0.000068 0.996681 -0.081403 91.866997 -0.234892 0.079110 0.968797 6.792468 0.000000 0.000000 0.000000 1.000000
0.967229 0.001393 0.253901 -21.914232 0.026242 0.994082 -0.105420 94.826180 -0.252545 0.108628 0.961468 6.841946 0.000000 0.000000 0.000000 1.000000
0.967007 -0.038726 0.251788 -18.389189 0.073673 0.988656 -0.130886 98.520081 -0.243863 0.145118 0.958891 6.703371 0.000000 0.000000 0.000000 1.000000
0.974690 -0.079773 0.208846 -14.613767 0.113515 0.981384 -0.154917 101.893448 -0.192600 0.174703 0.965600 6.389742 0.000000 0.000000 0.000000 1.000000
0.985165 -0.107184 0.134019 -10.702563 0.129069 0.977467 -0.167032 103.849930 -0.113096 0.181852 0.976800 6.115879 0.000000 0.000000 0.000000 1.000000
0.993790 -0.099759 0.049298 -6.471555 0.106116 0.982968 -0.150046 104.306015 -0.033490 0.154345 0.987449 6.026764 0.000000 0.000000 0.000000 1.000000
0.997122 -0.072402 -0.022494 -2.094398 0.069620 0.991880 -0.106425 103.517593 0.030016 0.104553 0.994066 6.204525 0.000000 0.000000 0.000000 1.000000
0.995512 -0.056615 -0.075838 1.959435 0.051472 0.996347 -0.068143 101.770157 0.079419 0.063933 0.994789 6.480664 0.000000 0.000000 0.000000 1.000000
0.990314 -0.069354 -0.120280 5.495080 0.061564 0.995830 -0.067317 99.294762 0.124447 0.059260 0.990455 6.357345 0.000000 0.000000 0.000000 1.000000
0.981688 -0.101567 -0.161161 8.507360 0.085483 0.990919 -0.103794 96.074791 0.170240 0.088117 0.981455 5.346942 0.000000 0.000000 0.000000 1.000000
0.971756 -0.136420 -0.192560 10.820619 0.109444 0.983446 -0.144417 92.977081 0.209074 0.119263 0.970600 3.604719 0.000000 0.000000 0.000000 1.000000
0.968175 -0.141991 -0.206096 12.348155 0.110808 0.981567 -0.155716 90.788612 0.224407 0.127923 0.966063 1.827792 0.000000 0.000000 0.000000 1.000000
0.972429 -0.114862 -0.202952 12.778097 0.088220 0.986802 -0.135788 89.895798 0.215870 0.114140 0.969728 0.797713 0.000000 0.000000 0.000000 1.000000
0.979085 -0.070302 -0.190918 11.916107 0.050277 0.992902 -0.107784 90.349899 0.197141 0.095931 0.975670 0.812362 0.000000 0.000000 0.000000 1.000000
0.984599 -0.020415 -0.173629 9.926486 0.004912 0.995997 -0.089251 92.099182 0.174756 0.087023 0.980758 1.576229 0.000000 0.000000 0.000000 1.000000
0.988995 0.032530 -0.144327 7.193197 -0.044390 0.995828 -0.079731 94.847961 0.141131 0.085260 0.986313 2.592818 0.000000 0.000000 0.000000 1.000000
0.991675 0.086702 -0.095207 4.130746 -0.093861 0.992870 -0.073474 98.055885 0.088158 0.081799 0.992742 3.567230 0.000000 0.000000 0.000000 1.000000
0.990380 0.134882 -0.030892 1.131177 -0.136738 0.988201 -0.068999 100.840408 0.021221 0.072560 0.997138 4.481801 0.000000 0.000000 0.000000 1.000000
0.986729 0.159679 0.029461 -1.679554 -0.157548 0.985418 -0.064270 102.460571 -0.039294 0.058776 0.997498 5.494606 0.000000 0.000000 0.000000 1.000000
0.985821 0.154545 0.065359 -4.320171 -0.150982 0.986929 -0.056356 102.691696 -0.073215 0.045689 0.996269 6.751059 0.000000 0.000000 0.000000 1.000000
0.989162 0.130231 0.067806 -6.905488 -0.127106 0.990700 -0.048544 101.607269 -0.073498 0.039400 0.996517 8.140367 0.000000 0.000000 0.000000 1.000000
0.992579 0.112762 0.045524 -9.552518 -0.110775 0.992870 -0.044032 99.518776 -0.050165 0.038662 0.997992 9.212469 0.000000 0.000000 0.000000 1.000000
0.993164 0.115062 0.019659 -12.173098 -0.114319 0.992810 -0.035499 96.967644 -0.023603 0.033009 0.999176 9.411194 0.000000 0.000000 0.000000 1.000000
0.990990 0.133825 0.005463 -14.554601 -0.133720 0.990884 -0.016396 94.460175 -0.007607 0.015518 0.999851 8.668661 0.000000 0.000000 0.000000 1.000000
0.991615 0.129152 0.004478 -16.584000 -0.129173 0.991610 0.004881 92.467766 -0.003810 -0.005418 0.999978 7.508383 0.000000 0.000000 0.000000 1.000000
0.995727 0.091849 0.009564 -18.060993 -0.091970 0.995675 0.013114 90.878342 -0.008318 -0.013937 0.999868 6.469163 0.000000 0.000000 0.000000 1.000000
0.998537 0.051871 0.015294 -18.639587 -0.051912 0.998649 0.002293 89.555809 -0.015154 -0.003083 0.999880 5.875463 0.000000 0.000000 0.000000 1.000000
0.999352 0.028106 0.022501 -18.300041 -0.027672 0.999429 -0.019379 89.321022 -0.023033 0.018744 0.999559 5.695344 0.000000 0.000000 0.000000 1.000000
0.999355 0.016580 0.031851 -17.232618 -0.015351 0.999143 -0.038451 90.821617 -0.032461 0.037937 0.998753 5.754314 0.000000 0.000000 0.000000 1.000000
0.999318 0.000740 0.036908 -15.647321 0.000990 0.998902 -0.046845 93.862228 -0.036902 0.046850 0.998220 6.002193 0.000000 0.000000 0.000000 1.000000
0.999307 -0.024891 0.027675 -13.602105 0.026081 0.998714 -0.043486 97.565620 -0.026557 0.044177 0.998671 6.518648 0.000000 0.000000 0.000000 1.000000
0.998974 -0.045285 -0.000239 -11.071581 0.045254 0.998464 -0.031975 100.915161 0.001686 0.031931 0.999489 7.391388 0.000000 0.000000 0.000000 1.000000
0.997889 -0.048197 -0.043531 -8.341005 0.047429 0.998703 -0.018509 102.726067 0.044366 0.016405 0.998881 8.657594 0.000000 0.000000 0.000000 1.000000
0.994657 -0.031241 -0.098396 -5.479934 0.030457 0.999491 -0.009458 103.147964 0.098641 0.006411 0.995102 10.167883 0.000000 0.000000 0.000000 1.000000
0.987426 -0.025830 -0.155955 -2.866988 0.024996 0.999661 -0.007304 102.539703 0.156091 0.003314 0.987737 11.556186 0.000000 0.000000 0.000000 1.000000
0.979658 -0.048144 -0.194814 -0.686343 0.047531 0.998839 -0.007820 100.822556 0.194964 -0.001599 0.980809 12.315531 0.000000 0.000000 0.000000 1.000000
0.976918 -0.108834 -0.183809 0.623314 0.110766 0.993846 0.000250 98.846786 0.182651 -0.020604 0.982962 11.983309 0.000000 0.000000 0.000000 1.000000
0.982209 -0.156763 -0.103397 1.466213 0.159854 0.986890 0.022263 97.136528 0.098552 -0.038395 0.994391 10.698624 0.000000 0.000000 0.000000 1.000000
0.985437 -0.168072 0.025793 2.053042 0.167190 0.985364 0.033235 95.933517 -0.031001 -0.028439 0.999115 8.994579 0.000000 0.000000 0.000000 1.000000
0.977173 -0.153540 0.146826 2.556160 0.154605 0.987967 0.004202 94.734680 -0.145704 0.018594 0.989153 7.402563 0.000000 0.000000 0.000000 1.000000
0.968583 -0.137925 0.206939 3.158279 0.150904 0.987371 -0.048226 93.483597 -0.197675 0.077939 0.977164 6.216312 0.000000 0.000000 0.000000 1.000000
0.970653 -0.135668 0.198564 3.907652 0.155062 0.984193 -0.085556 92.951721 -0.183818 0.113835 0.976347 5.458620 0.000000 0.000000 0.000000 1.000000
0.976863 -0.144041 0.158084 4.936527 0.159687 0.982952 -0.091138 93.936852 -0.142261 0.114273 0.983211 5.142250 0.000000 0.000000 0.000000 1.000000
0.979929 -0.154076 0.126489 6.391817 0.164352 0.983529 -0.075224 96.483353 -0.112816 0.094503 0.989112 5.335915 0.000000 0.000000 0.000000 1.000000
0.980308 -0.159485 0.116448 8.289411 0.166839 0.984373 -0.056344 99.850639 -0.105642 0.074663 0.991597 6.107663 0.000000 0.000000 0.000000 1.000000
0.981747 -0.154381 0.111086 10.439761 0.160245 0.986010 -0.045899 102.823746 -0.102446 0.062862 0.992750 7.407444 0.000000 0.000000 0.000000 1.000000
0.987342 -0.133152 0.086180 12.502047 0.137598 0.989331 -0.047858 104.476181 -0.078888 0.059110 0.995129 9.004650 0.000000 0.000000 0.000000 1.000000
0.993864 -0.105763 0.032369 13.966011 0.107603 0.992279 -0.061672 104.814148 -0.025597 0.064777 0.997571 10.472742 0.000000 0.000000 0.000000 1.000000
0.995680 -0.084787 -0.037859 14.871120 0.081501 0.993358 -0.081227 103.868370 0.044494 0.077791 0.995976 11.398962 0.000000 0.000000 0.000000 1.000000
0.992222 -0.074967 -0.099379 15.627647 0.065333 0.993149 -0.096887 101.772575 0.105962 0.089640 0.990322 11.447273 0.000000 0.000000 0.000000 1.000000
0.988903 -0.065224 -0.133476 16.583420 0.051829 0.993487 -0.101479 98.838120 0.139225 0.093435 0.985843 10.645939 0.000000 0.000000 0.000000 1.000000
0.988863 -0.047443 -0.141065 17.539371 0.034333 0.994984 -0.093961 95.913376 0.144815 0.088071 0.985531 9.471678 0.000000 0.000000 0.000000 1.000000
0.990376 -0.017823 -0.137252 18.133392 0.006907 0.996803 -0.079599 93.035164 0.138232 0.077885 0.987333 8.593519 0.000000 0.000000 0.000000 1.000000
0.990747 0.014506 -0.134947 18.031317 -0.023475 0.997602 -0.065112 90.438606 0.133678 0.067677 0.988711 8.425453 0.000000 0.000000 0.000000 1.000000
0.989768 0.041110 -0.136637 17.195906 -0.048690 0.997428 -0.052598 88.833237 0.134123 0.058713 0.989224 8.846998 0.000000 0.000000 0.000000 1.000000
0.988637 0.061139 -0.137330 15.740641 -0.067054 0.996992 -0.038869 88.891228 0.134540 0.047636 0.989762 9.476996 0.000000 0.000000 0.000000 1.000000
0.987742 0.082083 -0.132770 13.786300 -0.085531 0.996125 -0.020475 90.900711 0.130575 0.031580 0.990935 10.078150 0.000000 0.000000 0.000000 1.000000
0.986657 0.108482 -0.121404 11.405808 -0.109341 0.994004 -0.000414 94.442406 0.120631 0.013683 0.992603 10.668960 0.000000 0.000000 0.000000 1.000000
0.985949 0.132088 -0.102261 8.623408 -0.131604 0.991236 0.011500 98.514877 0.102884 0.002119 0.994691 11.357774 0.000000 0.000000 0.000000 1.000000
0.987327 0.139454 -0.075747 5.550543 -0.139286 0.990224 0.007528 101.672791 0.076057 0.003118 0.997099 12.155034 0.000000 0.000000 0.000000 1.000000
0.990825 0.128041 -0.043249 2.434030 -0.128556 0.991658 -0.009338 103.249702 0.041693 0.014812 0.999021 13.037246 0.000000 0.000000 0.000000 1.000000
0.994591 0.103710 -0.005713 -0.683731 -0.103828 0.994225 -0.027123 103.303665 0.002867 0.027569 0.999616 13.917829 0.000000 0.000000 0.000000 1.000000
0.995018 0.092870 0.036248 -3.543149 -0.091606 0.995177 -0.035085 102.280060 -0.039332 0.031589 0.998727 14.545295 0.000000 0.000000 0.000000 1.000000
0.991911 0.100069 0.078090 -6.174930 -0.097852 0.994695 -0.031735 100.519569 -0.080852 0.023837 0.996441 14.480911 0.000000 0.000000 0.000000 1.000000
0.986103 0.127568 0.106427 -8.529350 -0.125877 0.991791 -0.022484 98.394333 -0.108421 0.008775 0.994066 13.390617 0.000000 0.000000 0.000000 1.000000
0.985687 0.128190 0.109492 -10.944580 -0.127529 0.991749 -0.013052 95.693871 -0.110262 -0.001098 0.993902 11.535839 0.000000 0.000000 0.000000 1.000000
0.991586 0.090930 0.092138 -13.010612 -0.090374 0.995856 -0.010205 93.133247 -0.092684 0.001792 0.995694 9.589590 0.000000 0.000000 0.000000 1.000000
0.996346 0.039552 0.075700 -14.229129 -0.038248 0.999095 -0.018599 91.018715 -0.076367 0.015635 0.996957 8.140038 0.000000 0.000000 0.000000 1.000000
0.996773 0.004052 0.080164 -14.372605 -0.001334 0.999423 -0.033939 89.981483 -0.080255 0.033723 0.996204 7.430174 0.000000 0.000000 0.000000 1.000000
0.994319 -0.008292 0.106120 -13.634639 0.013655 0.998660 -0.049908 90.638313 -0.105564 0.051074 0.993100 7.384987 0.000000 0.000000 0.000000 1.000000
0.990454 -0.014622 0.137067 -12.393500 0.023727 0.997601 -0.065032 93.137451 -0.135788 0.067663 0.988425 7.839455 0.000000 0.000000 0.000000 1.000000
0.987254 -0.032551 0.155791 -10.850062 0.045411 0.995783 -0.079715 97.038765 -0.152540 0.085774 0.984568 8.665771 0.000000 0.000000 0.000000 1.000000
0.986043 -0.058881 0.155733 -8.955415 0.074201 0.992759 -0.094462 101.219536 -0.149044 0.104699 0.983272 9.743187 0.000000 0.000000 0.000000 1.000000
0.987600 -0.070792 0.140121 -6.647598 0.086257 0.990449 -0.107566 104.363930 -0.131168 0.118319 0.984274 10.946337 0.000000 0.000000 0.000000 1.000000
0.991877 -0.054542 0.114914 -4.119057 0.067603 0.991291 -0.113016 105.814735 -0.107749 0.119866 0.986926 12.213195 0.000000 0.000000 0.000000 1.000000
0.996274 -0.020457 0.083782 -1.752426 0.029354 0.993892 -0.106382 105.652054 -0.081094 0.108445 0.990789 13.512756 0.000000 0.000000 0.000000 1.000000
0.998851 0.010600 0.046743 0.316184 -0.006254 0.995724 -0.092165 104.272247 -0.047520 0.091767 0.994646 14.681524 0.000000 0.000000 0.000000 1.000000
0.999832 0.018141 0.002751 1.936272 -0.017856 0.996509 -0.081551 102.395485 -0.004221 0.081488 0.996665 15.275246 0.000000 0.000000 0.000000 1.000000
0.998901 -0.006717 -0.046386 3.188808 0.002854 0.996559 -0.082838 100.285675 0.046783 0.082615 0.995483 14.942631 0.000000 0.000000 0.000000 1.000000
0.994877 -0.035253 -0.094749 4.391912 0.026357 0.995266 -0.093547 98.083168 0.097599 0.090571 0.991096 13.955015 0.000000 0.000000 0.000000 1.000000
0.990034 -0.042652 -0.134212 5.520247 0.028941 0.994312 -0.102498 96.078232 0.137820 0.097592 0.985638 12.974348 0.000000 0.000000 0.000000 1.000000
0.986777 -0.027938 -0.159659 6.319953 0.011804 0.994804 -0.101125 94.374886 0.161654 0.097903 0.981979 12.491920 0.000000 0.000000 0.000000 1.000000
0.985646 -0.009993 -0.168528 6.383366 -0.005332 0.995906 -0.090241 93.315231 0.168740 0.089844 0.981557 12.556996 0.000000 0.000000 0.000000 1.000000
0.987147 0.006223 -0.159696 5.628211 -0.018411 0.997017 -0.074958 93.645065 0.158753 0.076934 0.984316 12.915956 0.000000 0.000000 0.000000 1.000000
0.990752 0.028968 -0.132555 4.234692 -0.036947 0.997625 -0.058135 95.700829 0.130557 0.062494 0.989469 13.366570 0.000000 0.000000 0.000000 1.000000
0.993974 0.060836 -0.091182 2.378957 -0.064850 0.997022 -0.041726 98.970230 0.088372 0.047387 0.994960 13.957790 0.000000 0.000000 0.000000 1.000000
0.994926 0.088945 -0.047022 0.167350 -0.090388 0.995470 -0.029487 102.175232 0.044186 0.033588 0.998459 14.845556 0.000000 0.000000 0.000000 1.000000
0.995506 0.093887 -0.012356 -2.395439 -0.094169 0.995251 -0.024665 103.968025 0.009982 0.025718 0.999619 15.979832 0.000000 0.000000 0.000000 1.000000
0.996850 0.078558 0.010903 -5.160043 -0.078237 0.996560 -0.027328 104.332939 -0.013012 0.026389 0.999567 17.125748 0.000000 0.000000 0.000000 1.000000
0.997229 0.068150 0.029843 -7.833256 -0.067228 0.997259 -0.030892 103.871964 -0.031867 0.028800 0.999077 17.942329 0.000000 0.000000 0.000000 1.000000
0.995382 0.083564 0.047250 -10.086574 -0.082472 0.996289 -0.024609 102.785385 -0.049132 0.020599 0.998580 18.159008 0.000000 0.000000 0.000000 1.000000
0.990234 0.131223 0.047093 -11.640314 -0.131061 0.991353 -0.006528 101.561401 -0.047543 0.000293 0.998869 17.597607 0.000000 0.000000 0.000000 1.000000
0.984274 0.176551 0.005795 -12.878974 -0.176608 0.984215 0.011436 100.422386 -0.003684 -0.012280 0.999918 16.429083 0.000000 0.000000 0.000000 1.000000
0.979542 0.185639 -0.077686 -14.182808 -0.185391 0.982609 0.010446 99.395554 0.078274 0.004170 0.996923 15.071404 0.000000 0.000000 0.000000 1.000000
0.971114 0.170906 -0.166519 -15.600866 -0.175843 0.984300 -0.015257 98.048172 0.161297 0.044097 0.985920 13.811112 0.000000 0.000000 0.000000 1.000000
0.964596 0.156393 -0.212358 -16.925919 -0.169309 0.984582 -0.043952 96.526367 0.202210 0.078350 0.976203 12.789852 0.000000 0.000000 0.000000 1.000000
0.968792 0.149939 -0.197385 -18.066969 -0.163402 0.985097 -0.053694 95.514603 0.186393 0.084272 0.978854 12.089688 0.000000 0.000000 0.000000 1.000000
0.978564 0.147080 -0.144150 -19.126860 -0.155133 0.986810 -0.046255 95.683624 0.135445 0.067626 0.988474 11.794440 0.000000 0.000000 0.000000 1.000000
0.984837 0.147855 -0.090744 -20.261805 -0.151625 0.987778 -0.036125 97.354904 0.084294 0.049337 0.995219 11.951477 0.000000 0.000000 0.000000 1.000000
0.986244 0.154197 -0.059542 -21.611225 -0.156176 0.987270 -0.030118 100.132507 0.054140 0.039002 0.997771 12.550917 0.000000 0.000000 0.000000 1.000000
0.985936 0.159820 -0.048870 -23.283932 -0.161083 0.986671 -0.023082 103.063896 0.044530 0.030630 0.998538 13.529945 0.000000 0.000000 0.000000 1.000000
0.986630 0.156393 -0.045850 -25.247902 -0.157103 0.987506 -0.012289 105.039017 0.043356 0.019328 0.998873 14.778381 0.000000 0.000000 0.000000 1.000000
0.989411 0.140091 -0.037946 -27.339153 -0.140381 0.990085 -0.005074 105.664215 0.036859 0.010347 0.999267 16.164412 0.000000 0.000000 0.000000 1.000000
0.993451 0.112721 -0.018691 -29.466375 -0.112876 0.993581 -0.007468 104.997322 0.017730 0.009529 0.999797 17.452456 0.000000 0.000000 0.000000 1.000000
0.995654 0.092473 0.011048 -31.255844 -0.092296 0.995610 -0.015582 103.554436 -0.012441 0.014495 0.999818 18.215021 0.000000 0.000000 0.000000 1.000000
0.994736 0.094831 0.038819 -32.642017 -0.093995 0.995311 -0.022817 101.409103 -0.040801 0.019048 0.998986 18.109221 0.000000 0.000000 0.000000 1.000000
0.992784 0.110926 0.045562 -33.968735 -0.109680 0.993544 -0.028999 98.691521 -0.048485 0.023792 0.998541 17.199520 0.000000 0.000000 0.000000 1.000000
0.992896 0.116226 0.025467 -35.433418 -0.115184 0.992572 -0.039147 95.445053 -0.029828 0.035936 0.998909 15.903271 0.000000 0.000000 0.000000 1.000000
0.994636 0.103395 -0.003037 -36.818394 -0.103404 0.993091 -0.055487 92.424423 -0.002721 0.055503 0.998455 14.779617 0.000000 0.000000 0.000000 1.000000
0.995298 0.096506 -0.008281 -37.686432 -0.096848 0.992879 -0.069372 90.385735 0.001528 0.069848 0.997556 14.186886 0.000000 0.000000 0.000000 1.000000
0.991711 0.125552 0.027313 -37.741947 -0.123416 0.989929 -0.069351 89.870033 -0.035745 0.065405 0.997218 14.224263 0.000000 0.000000 0.000000 1.000000
